	
85	 -0	-1.79	 
62	-31.6	-48.8		
57.6	48.2	39.9	
60.7	 -0	59.5		
57.6	-48.1	39.9		
55.8	50.2	-39.9		
28.8	76.2	24.2		
32.4	32.4	71.6		
32.4	-32.4	71.6		
28.8	-76.2	24.2		
0	84.5	-8.85		
0	63.2	56.9		
0	-63.2	56.9		
0	 -0	 85		
0	-84.5	-8.85		
-28.8	76.2	24.2 
-32.4	32.4	71.6		
-32.4	-32.4	71.6	
-28.8	-76.2	24.2		
-49.9	68.4	-7.49		
-57.6	48.2	39.9		
-60.7	0	59.5	
-57.6	-48.1	39.9		
-49.9	-68.4	-7.49		
-68.7	49.7	-5.96		
-76.2	31.5	20.8
-79	0	31.3	
-76.2	-31.5	20.8		
-68.7	-49.7	-5.95	
-80.8	26.1	 -4		
-85	0	-1.79		
-80.8	-26.1	 -4	

