  402.3068  368.8272  500.4918   44.7985  358.5557  370.4610  263.6184  329.1917
  -70.6523 -193.3010 -337.1772   24.1125 -205.0399 -113.2135 -150.2277 -155.5094
  159.1600  141.0920  185.3486   82.4587  124.9071  145.6646  144.2961  138.1475
  111.7426  103.3121  162.4640  100.9809  101.5384  124.2748  117.4165  112.3224
  112.5631  129.4765  164.9981  102.3288  117.5696  110.1095  122.8635  123.7108
  123.3761   49.2494    0.3206   31.1040   40.8655   70.2769   63.5324   59.0611
  130.7468  112.0802  140.6278   89.7492   98.6864  115.9309  126.4474  118.6105
   87.0805   76.2762  128.1809  125.1917   79.1765  103.6016  109.0279   96.9958
   85.7666   52.8434  116.0959  108.3468   86.4053   93.4246  110.5262   95.2899
   76.6336   68.5837  122.8260   81.2665   74.6038   96.4460  100.6584   81.4036
   48.5979   43.7214   47.2633   47.3457   35.7269   35.4613   50.8214   59.5534
   67.2494   55.8473   93.4002   90.4121   41.3992   65.5545   86.4959   63.5941
   74.1403   50.0364  118.3980  121.0514   32.3931   81.3097  102.4926   74.3220
   72.3407   47.4916  120.6740  155.1139   57.0596   88.0035  109.7693   89.9870
   43.2082   33.3183   61.5355   60.8287    7.8360   40.3645   53.7404   36.8575
   51.3863   50.3597   54.9625   72.4112   18.0684   48.9049   56.8317   51.9336
   54.4613   54.5722   93.7402  123.2719   30.3003   74.8233   95.3736   70.1660
   51.4458   47.2016   95.2492  131.4329   31.4060   76.0327  114.5998   76.5817
   57.0977   43.3990   86.8578   98.5044   12.6759   66.1153   84.1724   58.3188
   52.5122   47.3007   41.2963   65.2430   14.6777   32.4757   37.0430   50.2069
   50.2627   63.6079   70.8280   98.6665   23.9429   50.8350   75.3473   58.8184
   31.0424   50.9250   89.9042  123.2937   14.9205   72.5225  105.6677   68.9759
   30.3161   35.9507   73.3040  100.4135   -3.0132   54.8222  100.2289   49.4430
   20.7807   14.4519   44.4097   61.2636  -22.2544   20.6079   44.5612   20.1523
   44.3795   53.2152   45.9043   67.6011   13.1021   23.3131   39.7078   54.5313
   35.1651   73.8689   57.8066   73.0982   25.9816   35.6986   68.5194   39.2747
   35.0413   50.3178   71.3768  101.3595    9.4450   52.2003   97.5917   66.3444
   37.2208   38.8820   71.0701  103.1370  -10.7422   49.5776  118.3904   54.1588
   40.7021   41.9998   64.7884   96.1557   -8.3575   44.8178   95.5253   55.2580
   49.1171   49.8956   53.7092   84.9632    3.2064   35.6918   53.5734   60.7939
   43.2093   41.0888   48.6907   81.1260   -5.3086   33.4249   64.9398   54.4150
   40.4133   39.6177   64.9217   91.9479   -2.9709   36.0793   83.3432   58.2242